     30 1000
     41 10003
     56 10019
     44 10034
     42 10050
     48 10066
     42 10081
     50 10097
     52 10113
     54 10128
     48 10144
     46 1016
     49 10160
     42 10175
     44 10191
     40 10207
     61 10222
     37 10238
     54 10254
     59 10269
     35 10285
     60 10300
     44 1031
     47 10316
     47 10332
     34 10347
     43 10363
     55 10379
     40 10394
     59 10410
     43 10426
     45 10441
     32 10457
     36 1047
     57 10473
     53 10488
     43 10504
     46 10520
     43 10535
     41 10551
     45 10567
     37 10582
     36 10598
     49 10614
     41 10629
     49 1063
     58 10645
     37 10661
     37 10676
     38 10692
     73 10708
     65 10723
     48 10739
     56 10755
     49 10770
     40 1078
     49 10786
     53 10802
     45 10817
     46 10833
     43 10848
     42 10864
     31 10880
     45 10895
     56 10911
     62 10927
     37 1094
     31 10942
     52 10958
     47 10974
     37 10989
     37 11005
     52 11021
     40 11036
     55 11052
     39 11068
     37 11083
     51 11099
     57 1110
     42 11115
     57 11130
     38 11146
     53 11162
     52 11177
     51 11193
     42 11209
     55 11224
     34 11240
     47 1125
     46 11256
     55 11271
     53 11287
     53 11303
     35 11318
     57 11334
     45 11350
     49 11365
     59 11381
     49 11397
     40 1141
     52 11412
     49 11428
     65 11443
     45 11459
     52 11475
     56 11490
     45 11506
     39 11522
     52 11537
     45 11553
     33 11569
     34 1157
     45 11584
     47 11600
     47 11616
     64 11631
     42 11647
     44 11663
     49 11678
     47 11694
     60 11710
     36 1172
     55 11725
     53 11741
     50 11757
     50 11772
     31 11788
     65 11804
     47 11819
     56 11835
     55 11851
     52 11866
     50 1188
     41 11882
     47 11898
     43 11913
     52 11929
     42 11945
     40 11960
     44 11976
     35 11992
     35 12007
     53 12023
     51 12038
     39 1204
     51 12054
     51 12070
     51 12085
     54 12101
     50 12117
     38 12132
     41 12148
     51 12164
     45 12179
     40 1219
     55 12195
     38 12211
     61 12226
     45 12242
     59 12258
     50 12273
     55 12289
     46 12305
     51 12320
     39 12336
     42 1235
     51 12352
     46 12367
     38 12383
     44 12399
     40 12414
     48 12430
     48 12446
     55 12461
     52 12477
     26 12493
     60 12508
     52 1251
     32 12524
     47 12540
     62 12555
     53 12571
     53 12587
     50 12602
     43 12618
     48 12633
     49 12649
     55 1266
     48 12665
     47 12680
     37 12696
     47 12712
     52 12727
     49 12743
     53 12759
     48 12774
     45 12790
     57 12806
     40 1282
     55 12821
     41 12837
     47 12853
     38 12868
     39 12884
     38 12900
     38 12915
     58 12931
     43 12947
     42 12962
     41 1297
     42 12978
     47 12994
     44 13009
     39 13025
     55 13041
     50 13056
     45 13072
     39 13088
     48 13103
     46 13119
     42 1313
     56 13135
     43 13150
     32 13166
     66 13182
     44 13197
     40 13213
     44 13228
     55 13244
     52 13260
     44 13275
     36 1329
     44 13291
     43 13307
     42 13322
     48 13338
     48 13354
     36 13369
     46 13385
     49 13401
     40 13416
     48 13432
     51 1344
     39 13448
     56 13463
     46 13479
     40 13495
     43 13510
     56 13526
     53 13542
     46 13557
     57 13573
     43 13589
     54 1360
     45 13604
     46 13620
     42 13636
     58 13651
     42 13667
     53 13683
     41 13698
     43 13714
     48 13730
     47 13745
     34 1376
     38 13761
     42 13777
     47 13792
     53 13808
     40 13823
     51 13839
     43 13855
     44 13870
     43 13886
     38 13902
     40 1391
     47 13917
     39 13933
     42 13949
     36 13964
     41 13980
     44 13996
     48 14011
     41 14027
     39 14043
     55 14058
     47 1407
     46 14074
     45 14090
     39 14105
     46 14121
     51 14137
     42 14152
     37 14168
     51 14184
     43 14199
     42 14215
     47 1423
     45 14231
     40 14246
     52 14262
     47 14278
     42 14293
     44 14309
     41 14325
     50 14340
     54 14356
     54 14372
     41 1438
     65 14387
     59 14403
     51 14418
     53 14434
     37 14450
     42 14465
     47 14481
     51 14497
     54 14512
     47 14528
     46 1454
     43 14544
     32 14559
     45 14575
     46 14591
     34 14606
     33 14622
     38 14638
     53 14653
     36 14669
     37 14685
     51 1470
     51 14700
     32 14716
     49 14732
     46 14747
     48 14763
     56 14779
     46 14794
     43 14810
     50 14826
     48 14841
     42 1485
     46 14857
     45 14873
     52 14888
     49 14904
     47 14920
     52 14935
     41 14951
     32 14967
     29 14982
     39 14998
     40 1501
     52 15013
     45 15029
     33 15045
     40 15060
     51 15076
     54 15092
     48 15107
     49 15123
     32 15139
     60 15154
     55 1517
     49 15170
     50 15186
     51 15201
     38 15217
     45 15233
     55 15248
     43 15264
     43 15280
     32 15295
     61 15311
     63 1532
     50 15327
     38 15342
     41 15358
     56 15374
     54 15389
     51 15405
     36 15421
     49 15436
     36 15452
     55 15468
     50 1548
     48 15483
     46 15499
     51 15515
     42 15530
     46 15546
     40 15562
     52 15577
     61 15593
     55 15608
     45 15624
     48 1564
     53 15640
     40 15655
     53 15671
     44 15687
     54 15702
     46 15718
     37 15734
     42 15749
     39 15765
     52 15781
     57 1579
     51 15796
     31 15812
     46 15828
     53 15843
     51 15859
     52 15875
     52 15890
     34 15906
     48 15922
     41 15937
     66 1595
     44 15953
     59 15969
     47 15984
     63 16000
     49 16016
     43 16031
     46 16047
     54 16063
     42 16078
     41 16094
     57 1611
     57 16110
     45 16125
     41 16141
     55 16157
     31 16172
     42 16188
     33 16203
     50 16219
     41 16235
     47 16250
     38 1626
     45 16266
     44 16282
     45 16297
     44 16313
     59 16329
     39 16344
     51 16360
     54 16376
     56 16391
     42 16407
     55 1642
     54 16423
     51 16438
     38 16454
     41 16470
     48 16485
     56 16501
     35 16517
     45 16532
     35 16548
     45 16564
     56 16579
     56 1658
     54 16595
     48 16611
     47 16626
     45 16642
     39 16658
     54 16673
     54 16689
     51 16705
     55 16720
     56 1673
     44 16736
     45 16752
     46 16767
     58 16783
     49 16799
     46 16814
     51 16830
     47 16845
     55 16861
     44 16877
     45 1689
     44 16892
     33 16908
     68 16924
     47 16939
     45 16955
     52 16971
     56 16986
     48 17002
     46 17018
     28 17033
     41 17049
     50 1705
     38 17065
     57 17080
     47 17096
     48 17112
     49 17127
     47 17143
     44 17159
     51 17174
     58 17190
     72 1720
     56 17206
     52 17221
     53 17237
     45 17253
     39 17268
     38 17284
     58 17300
     68 17315
     51 17331
     43 17347
     42 1736
     69 17362
     58 17378
     50 17394
     39 17409
     47 17425
     41 17440
     49 17456
     56 17472
     57 17487
     47 17503
     39 17519
     52 1752
     49 17534
     50 17550
     41 17566
     48 17581
     54 17597
     48 17613
     44 17628
     40 17644
     55 17660
     46 1767
     50 17675
     42 17691
     52 17707
     40 17722
     37 17738
     52 17754
     51 17769
     43 17785
     50 17801
     57 17816
     53 1783
     55 17832
     49 17848
     53 17863
     46 17879
     40 17895
     44 17910
     60 17926
     44 17942
     47 17957
     58 17973
     38 17989
     39 1799
     37 18004
     43 18020
     60 18035
     46 18051
     42 18067
     35 18082
     44 18098
     58 18114
     45 18129
     36 1814
     52 18145
     35 18161
     44 18176
     59 18192
     44 18208
     45 18223
     53 18239
     50 18255
     61 18270
     45 18286
     41 1830
     31 18302
     53 18317
     39 18333
     44 18349
     42 18364
     38 18380
     52 18396
     54 18411
     53 18427
     50 18443
     46 18458
     39 1846
     42 18474
     43 18490
     43 18505
     49 18521
     40 18537
     59 18552
     64 18568
     48 18584
     54 18599
     47 1861
     59 18615
     34 18630
     39 18646
     43 18662
     38 18677
     42 18693
     50 18709
     39 18724
     42 18740
     47 18756
     44 1877
     34 18771
     51 18787
     59 18803
     50 18818
     63 18834
     39 18850
     47 18865
     42 18881
     57 18897
     43 18912
     53 1892
     42 18928
     58 18944
     47 18959
     44 18975
     47 18991
     48 19006
     43 19022
     50 19038
     50 19053
     67 19069
     51 1908
     53 19085
     51 19100
     59 19116
     36 19132
     41 19147
     45 19163
     46 19179
     51 19194
     55 19210
     46 19225
     65 1924
     54 19241
     39 19257
     55 19272
     41 19288
     36 19304
     39 19319
     46 19335
     32 19351
     46 19366
     48 19382
     46 1939
     36 19398
     53 19413
     54 19429
     47 19445
     53 19460
     42 19476
     37 19492
     47 19507
     54 19523
     38 19539
     52 1955
     38 19554
     42 19570
     42 19586
     58 19601
     36 19617
     53 19633
     52 19648
     52 19664
     68 19680
     50 19695
     38 1971
     41 19711
     24 19727
     54 19742
     50 19758
     64 19774
     51 19789
     43 19805
     60 19820
     45 19836
     57 19852
     53 1986
     48 19867
     49 19883
     34 19899
     48 19914
     44 19930
     48 19946
     35 19961
     49 19977
     64 19993
     61 20008
     36 2002
     55 20024
     50 20040
     45 20055
     36 20071
     47 20087
     56 20102
     52 20118
     48 20134
     40 20149
     56 20165
     52 2018
     52 20181
     47 20196
     41 20212
     38 20228
     47 20243
     29 20259
     42 20275
     50 20290
     50 20306
     29 20322
     44 2033
     36 20337
     62 20353
     38 20369
     59 20384
     50 20400
     47 20415
     52 20431
     46 20447
     50 20462
     48 20478
     48 2049
     45 20494
     51 20509
     56 20525
     45 20541
     38 20556
     58 20572
     33 20588
     39 20603
     59 20619
     36 20635
     40 2065
     43 20650
     57 20666
     44 20682
     60 20697
     49 20713
     36 20729
     47 20744
     46 20760
     55 20776
     57 20791
     58 2080
     44 20807
     37 20823
     60 20838
     63 20854
     44 20870
     42 20885
     31 20901
     37 20917
     57 20932
     60 20948
     48 2096
     60 20964
     53 20979
     57 20995
     53 21010
     47 21026
     38 21042
     37 21057
     54 21073
     52 21089
     44 21104
     41 2112
     50 21120
     40 21136
     44 21151
     44 21167
     38 21183
     50 21198
     39 21214
     45 21230
     49 21245
     46 21261
     44 2127
     46 21277
     55 21292
     38 21308
     51 21324
     36 21339
     49 21355
     51 21371
     51 21386
     45 21402
     47 21418
     49 2143
     52 21433
     53 21449
     41 21465
     41 21480
     54 21496
     44 21512
     29 21527
     45 21543
     62 21559
     53 21574
     50 2159
     50 21590
     36 21605
     58 21621
     66 21637
     59 21652
     47 21668
     40 21684
     56 21699
     49 21715
     38 21731
     57 2174
     50 21746
     53 21762
     44 21778
     59 21793
     52 21809
     49 21825
     49 21840
     57 21856
     50 21872
     39 21887
     56 2190
     46 21903
     46 21919
     44 21934
     50 21950
     60 21966
     54 21981
     47 21997
     56 22013
     46 22028
     48 22044
     47 2206
     42 22060
     52 22075
     47 22091
     46 22106
     48 22122
     47 22138
     51 22153
     47 22169
     42 22185
     43 22200
     42 2221
     49 22216
     33 22232
     51 22247
     40 22263
     48 22279
     41 22294
     47 22310
     36 22326
     35 22341
     61 22357
     61 2237
     51 22373
     35 22388
     42 22404
     51 22420
     38 22435
     47 22451
     41 22467
     48 22482
     45 22498
     39 22514
     48 22529
     63 2253
     62 22545
     41 22561
     60 22576
     42 22592
     33 22608
     54 22623
     50 22639
     44 22654
     47 22670
     44 2268
     46 22686
     58 22701
     49 22717
     33 22733
     31 22748
     39 22764
     51 22780
     45 22795
     42 22811
     31 22827
     61 2284
     50 22842
     49 22858
     43 22874
     25 22889
     49 22905
     40 22921
     51 22936
     36 22952
     48 22968
     35 22983
     52 22999
     43 2300
     43 23015
     31 23030
     44 23046
     54 23062
     36 23077
     41 23093
     40 23109
     43 23124
     47 23140
     55 2315
     44 23156
     52 23171
     38 23187
     57 23202
     50 23218
     58 23234
     43 23249
     33 23265
     55 23281
     57 23296
     56 2331
     46 23312
     56 23328
     51 23343
     51 23359
     42 23375
     51 23390
     37 23406
     53 23422
     61 23437
     37 23453
     53 23469
     38 2347
     53 23484
     44 23500
     41 23516
     47 23531
     42 23547
     37 23563
     48 23578
     34 23594
     48 23610
     42 2362
     55 23625
     46 23641
     46 23657
     37 23672
     46 23688
     52 23703
     38 23719
     48 23735
     45 23750
     42 23766
     46 2378
     46 23782
     47 23797
     53 23813
     64 23829
     55 23844
     52 23860
     45 23876
     39 23891
     31 23907
     40 23923
     39 23938
     64 2394
     51 23954
     53 23970
     46 23985
     56 24001
     42 24017
     29 24032
     40 24048
     50 24064
     43 24079
     59 2409
     38 24095
     44 24111
     54 24126
     43 24142
     48 24158
     39 24173
     55 24189
     54 24205
     50 24220
     31 24236
     47 2425
     51 24251
     45 24267
     46 24283
     36 24298
     52 24314
     59 24330
     55 24345
     50 24361
     40 24377
     62 24392
     58 2440
     43 24408
     48 24424
     49 24439
     45 24455
     47 24471
     45 24486
     55 24502
     54 24518
     38 24533
     49 24549
     41 2456
     50 24565
     42 24580
     46 24596
     59 24612
     49 24627
     49 24643
     56 24659
     41 24674
     55 24690
     51 24706
     40 2472
     45 24721
     52 24737
     68 24752
     50 24768
     45 24784
     46 24799
     38 24815
     49 24831
     41 24846
     45 24862
     53 2487
     42 24878
     41 24893
     48 24909
     42 24925
     31 24940
     42 24956
     44 24972
     52 24987
     52 25003
     36 25019
     37 2503
     24 25034
     39 25050
     56 25066
     42 25081
     58 25097
     54 25113
     44 25128
     47 25144
     37 25160
     57 25175
     49 2519
     47 25191
     40 25207
     46 25222
     33 25238
     55 25254
     49 25269
     58 25285
     44 25300
     40 25316
     51 25332
     46 2534
     33 25347
     35 25363
     46 25379
     52 25394
     51 25410
     40 25426
     50 25441
     46 25457
     38 25473
     45 25488
     48 2550
     62 25504
     40 25520
     36 25535
     54 25551
     45 25567
     60 25582
     31 25598
     50 25614
     43 25629
     39 25645
     46 2566
     57 25661
     55 25676
     45 25692
     46 25708
     47 25723
     45 25739
     36 25755
     67 25770
     37 25786
     45 25801
     48 2581
     38 25817
     55 25833
     36 25848
     36 25864
     45 25880
     59 25895
     55 25911
     42 25927
     45 25942
     62 25958
     43 2597
     40 25974
     42 25989
     51 26005
     28 26021
     37 26036
     46 26052
     40 26068
     47 26083
     56 26099
     47 26115
     68 2613
     55 26130
     59 26146
     51 26162
     54 26177
     56 26193
     33 26209
     42 26224
     36 26240
     53 26256
     39 26271
     49 2628
     45 26287
     57 26303
     40 26318
     47 26334
     37 26349
     48 26365
     52 26381
     53 26396
     50 26412
     40 26428
     52 2644
     51 26443
     48 26459
     51 26475
     52 26490
     67 26506
     48 26522
     55 26537
     54 26553
     41 26569
     47 26584
     51 2660
     52 26600
     52 26616
     47 26631
     35 26647
     42 26663
     40 26678
     41 26694
     43 26710
     56 26725
     41 26741
     48 2675
     38 26757
     45 26772
     58 26788
     53 26804
     41 26819
     40 26835
     46 26850
     41 26866
     52 26882
     56 26897
     51 2691
     61 26913
     39 26929
     46 26944
     57 26960
     51 26976
     54 26991
     51 27007
     51 27023
     48 27038
     52 27054
     44 2707
     56 27070
     50 27085
     38 27101
     51 27117
     58 27132
     53 27148
     35 27164
     56 27179
     31 27195
     53 27211
     49 2722
     49 27226
     51 27242
     44 27258
     46 27273
     51 27289
     35 27305
     41 27320
     34 27336
     47 27352
     61 27367
     56 2738
     52 27383
     49 27398
     46 27414
     44 27430
     56 27445
     51 27461
     48 27477
     52 27492
     45 27508
     47 27524
     52 27539
     56 2754
     45 27555
     44 27571
     49 27586
     52 27602
     47 27618
     55 27633
     52 27649
     44 27665
     41 27680
     54 2769
     54 27696
     50 27712
     45 27727
     48 27743
     52 27759
     39 27774
     49 27790
     45 27806
     48 27821
     35 27837
     34 2785
     53 27853
     53 27868
     43 27884
     46 27899
     57 27915
     46 27931
     41 27946
     47 27962
     52 27978
     68 27993
     53 28009
     53 2801
     52 28025
     58 28040
     48 28056
     58 28072
     48 28087
     40 28103
     43 28119
     40 28134
     51 28150
     60 2816
     45 28166
     36 28181
     42 28197
     42 28213
     41 28228
     39 28244
     50 28260
     34 28275
     40 28291
     44 28307
     56 2832
     44 28322
     52 28338
     44 28354
     46 28369
     44 28385
     40 28401
     41 28416
     50 28432
     36 28447
     47 28463
     33 28479
     52 2848
     51 28494
     44 28510
     52 28526
     42 28541
     37 28557
     54 28573
     40 28588
     60 28604
     44 28620
     44 2863
     48 28635
     51 28651
     48 28667
     46 28682
     39 28698
     55 28714
     49 28729
     47 28745
     30 28761
     57 28776
     37 2879
     42 28792
     51 28808
     50 28823
     47 28839
     46 28855
     40 28870
     41 28886
     53 28902
     51 28917
     68 28933
     56 28948
     48 2895
     43 28964
     56 28980
     42 28995
     47 29011
     42 29027
     38 29042
     47 29058
     31 29074
     42 29089
     40 2910
     45 29105
     51 29121
     43 29136
     41 29152
     48 29168
     44 29183
     38 29199
     55 29215
     46 29230
     44 29246
     47 2926
     54 29262
     43 29277
     45 29293
     39 29309
     45 29324
     51 29340
     53 29356
     53 29371
     56 29387
     41 29403
     60 29418
     45 2942
     48 29434
     60 29450
     45 29465
     48 29481
     47 29496
     38 29512
     43 29528
     61 29543
     43 29559
     40 2957
     54 29575
     42 29590
     57 29606
     39 29622
     54 29637
     32 29653
     50 29669
     56 29684
     65 29700
     46 29716
     41 2973
     41 29731
     39 29747
     53 29763
     43 29778
     48 29794
     44 29810
     43 29825
     43 29841
     53 29857
     41 29872
     43 2988
     46 29888
     47 29904
     44 29919
     53 29935
     40 29951
     52 29966
     60 29982
     52 29997
     49 30013
     36 30029
     44 3004
     44 30044
     46 30060
     46 30076
     37 30091
     52 30107
     56 30123
     58 30138
     41 30154
     32 30170
     30 30185
     62 3020
     47 30201
     58 30217
     42 30232
     43 30248
     43 30264
     47 30279
     39 30295
     49 30311
     55 30326
     32 30342
     56 3035
     38 30358
     32 30373
     43 30389
     54 30405
     45 30420
     43 30436
     39 30452
     36 30467
     42 30483
     57 30499
     43 3051
     45 30514
     45 30530
     46 30545
     43 30561
     44 30577
     56 30592
     39 30608
     49 30624
     33 30639
     46 30655
     65 3067
     44 30671
     46 30686
     51 30702
     47 30718
     45 30733
     51 30749
     55 30765
     37 30780
     41 30796
     41 30812
     42 3082
     51 30827
     54 30843
     52 30859
     48 30874
     45 30890
     47 30906
     63 30921
     43 30937
     49 30953
     61 30968
     43 3098
     38 30984
     40 31000
     41 31015
     44 31031
     34 31046
     33 31062
     46 31078
     39 31093
     34 31109
     63 31125
     40 3114
     59 31140
     42 31156
     37 31172
     46 31187
     51 31203
     50 31219
     32 31234
     40 31250
     26 31266
     44 31281
     65 3129
     37 31297
     47 31313
     45 31328
     33 31344
     41 31360
     62 31375
     54 31391
     42 31407
     42 31422
     42 31438
     55 3145
     57 31454
     48 31469
     40 31485
     42 31501
     51 31516
     35 31532
     52 31548
     45 31563
     56 31579
     32 31594
     64 3161
     46 31610
     62 31626
     55 31641
     34 31657
     32 31673
     49 31688
     69 31704
     52 31720
     40 31735
     44 31751
     58 3176
     52 31767
     52 31782
     53 31798
     45 31814
     48 31829
     47 31845
     34 31861
     41 31876
     49 31892
     49 31908
     44 3192
     42 31923
     49 31939
     52 31955
     47 31970
     51 31986
     60 32002
     42 32017
     45 32033
     51 32049
     42 32064
     52 3208
     47 32080
     55 32095
     39 32111
     41 32127
     45 32142
     46 32158
     37 32174
     45 32189
     45 32205
     26 32221
     51 3223
     33 32236
     51 32252
     44 32268
     46 32283
     62 32299
     46 32315
     32 32330
     31 32346
     39 32362
     38 32377
     54 3239
     45 32393
     45 32409
     49 32424
     32 32440
     50 32456
     53 32471
     48 32487
     50 32503
     36 32518
     34 32534
     34 3255
     40 32550
     57 32565
     42 32581
     39 32597
     50 32612
     49 32628
     47 32643
     43 32659
     41 32675
     41 32690
     61 3270
     49 32706
     50 32722
     47 32737
     47 32753
     44 32769
     57 32784
     43 32800
     56 32816
     47 32831
     53 32847
     44 3286
     24 32863
     50 32878
     42 32894
     53 32910
     39 32925
     34 32941
     47 32957
     48 32972
     52 32988
     38 33004
     42 33019
     45 3302
     51 33035
     52 33051
     33 33066
     44 33082
     54 33098
     51 33113
     42 33129
     52 33144
     53 33160
     54 3317
     53 33176
     57 33191
     51 33207
     37 33223
     57 33238
     48 33254
     39 33270
     45 33285
     54 33301
     46 33317
     55 3333
     41 33332
     48 33348
     41 33364
     53 33379
     46 33395
     44 33411
     49 33426
     57 33442
     46 33458
     44 33473
     27 33489
     43 3349
     53 33505
     39 33520
     38 33536
     41 33552
     42 33567
     38 33583
     43 33599
     45 33614
     40 33630
     50 3364
     40 33646
     47 33661
     59 33677
     52 33692
     61 33708
     51 33724
     43 33739
     38 33755
     56 33771
     52 33786
     40 3380
     40 33802
     52 33818
     46 33833
     42 33849
     37 33865
     44 33880
     43 33896
     61 33912
     59 33927
     54 33943
     46 33959
     55 3396
     49 33974
     50 33990
     48 34006
     45 34021
     55 34037
     46 34053
     40 34068
     34 34084
     66 34100
     58 3411
     56 34115
     41 34131
     56 34147
     50 34162
     48 34178
     55 34194
     47 34209
     55 34225
     35 34240
     48 34256
     44 3427
     32 34272
     34 34287
     44 34303
     43 34319
     56 34334
     52 34350
     64 34366
     40 34381
     33 34397
     31 34413
     45 34428
     52 3443
     39 34444
     28 34460
     49 34475
     34 34491
     63 34507
     40 34522
     33 34538
     46 34554
     47 34569
     45 3458
     49 34585
     36 34601
     45 34616
     52 34632
     47 34648
     43 34663
     46 34679
     49 34695
     44 34710
     52 34726
     48 3474
     44 34741
     41 34757
     46 34773
     49 34788
     42 34804
     44 34820
     59 34835
     61 34851
     53 34867
     45 34882
     42 34898
     44 3490
     46 34914
     47 34929
     57 34945
     36 34961
     53 34976
     41 34992
     51 35008
     67 35023
     50 35039
     44 3505
     40 35055
     43 35070
     39 35086
     45 35102
     47 35117
     41 35133
     41 35149
     48 35164
     59 35180
     47 35196
     48 3521
     41 35211
     50 35227
     51 35243
     51 35258
     42 35274
     51 35289
     44 35305
     31 35321
     48 35336
     38 35352
     46 35368
     49 3537
     51 35383
     33 35399
     44 35415
     55 35430
     39 35446
     40 35462
     57 35477
     46 35493
     42 35509
     51 3552
     39 35524
     41 35540
     42 35556
     60 35571
     42 35587
     25 35603
     44 35618
     47 35634
     43 35650
     53 35665
     47 3568
     41 35681
     60 35697
     48 35712
     47 35728
     49 35744
     44 35759
     38 35775
     41 35790
     45 35806
     52 35822
     44 3583
     35 35837
     43 35853
     54 35869
     30 35884
     44 35900
     41 35916
     43 35931
     38 35947
     52 35963
     37 35978
     50 3599
     53 35994
     45 36010
     50 36025
     43 36041
     51 36057
     60 36072
     44 36088
     56 36104
     56 36119
     33 36135
     37 3615
     57 36151
     58 36166
     45 36182
     37 36198
     50 36213
     41 36229
     52 36245
     44 36260
     39 36276
     56 36292
     66 3630
     47 36307
     38 36323
     53 36338
     55 36354
     47 36370
     51 36385
     48 36401
     44 36417
     45 36432
     54 36448
     48 3646
     45 36464
     59 36479
     52 36495
     37 36511
     40 36526
     46 36542
     55 36558
     39 36573
     66 36589
     57 36605
     50 3662
     46 36620
     46 36636
     58 36652
     53 36667
     43 36683
     51 36699
     41 36714
     40 36730
     49 36746
     50 36761
     40 3677
     54 36777
     57 36793
     41 36808
     41 36824
     59 36839
     46 36855
     43 36871
     53 36886
     33 36902
     36 36918
     43 3693
     40 36933
     56 36949
     53 36965
     55 36980
     38 36996
     53 37012
     49 37027
     38 37043
     24 37059
     50 3709
     54 3724
     47 3740
     52 3756
     42 3771
     63 3787
     40 3803
     52 3818
     45 3834
     42 3850
     66 3865
     52 3881
     51 3897
     49 3912
     43 3928
     51 3944
     39 3959
     45 3975
     45 3991
     38 4006
     54 4022
     44 4038
     35 4053
     57 4069
     39 4085
     47 4100
     56 4116
     44 4131
     52 4147
     53 4163
     43 4178
     45 4194
     47 4210
     64 4225
     45 4241
     61 4257
     48 4272
     52 4288
     37 4304
     42 4319
     43 4335
     47 4351
     36 4366
     55 4382
     44 4398
     44 4413
     49 4429
     50 4445
     48 4460
     33 4476
     43 4492
     42 4507
     45 4523
     48 4539
     49 4554
     40 4570
     58 4586
     47 4601
     43 4617
     39 4633
     50 4648
     52 4664
     43 4679
     40 4695
     38 4711
     45 4726
     58 4742
     49 4758
     53 4773
     50 4789
     43 4805
     49 4820
     36 4836
     42 4852
     41 4867
     57 4883
     28 4899
     37 4914
     34 4930
     49 4946
     45 4961
     44 4977
     41 4993
     36 5008
     41 5024
     44 5040
     45 5055
     53 5071
     50 5087
     60 5102
     43 5118
     55 5134
     28 5149
     47 5165
     43 5181
     38 5196
     47 5212
     50 5228
     60 5243
     38 5259
     47 5274
     43 5290
     34 5306
     36 5321
     48 5337
     59 5353
     48 5368
     50 5384
     57 5400
     45 5415
     38 5431
     46 5447
     56 5462
     52 5478
     47 5494
     41 5509
     45 5525
     30 5541
     62 5556
     47 5572
     34 5588
     48 5603
     35 5619
     44 5635
     47 5650
     43 5666
     39 5682
     48 5697
     39 5713
     37 5729
     51 5744
     52 5760
     35 5776
     46 5791
     43 5807
     55 5822
     43 5838
     42 5854
     51 5869
     52 5885
     36 5901
     42 5916
     44 5932
     38 5948
     51 5963
     49 5979
     58 5995
     42 6010
     52 6026
     58 6042
     52 6057
     43 6073
     50 6089
     49 6104
     50 6120
     42 6136
     48 6151
     33 6167
     31 6183
     41 6198
     52 6214
     62 6230
     41 6245
     49 6261
     61 6277
     56 6292
     41 6308
     43 6324
     42 6339
     51 6355
     51 6370
     38 6386
     53 6402
     40 6417
     54 6433
     61 6449
     42 6464
     42 6480
     28 6496
     33 6511
     56 6527
     34 6543
     56 6558
     44 6574
     56 6590
     38 6605
     44 6621
     52 6637
     34 6652
     60 6668
     44 6684
     60 6699
     39 6715
     55 6731
     53 6746
     38 6762
     48 6778
     38 6793
     53 6809
     46 6825
     50 6840
     45 6856
     40 6872
     65 6887
     53 6903
     47 6918
     55 6934
     44 6950
     41 6965
     37 6981
     48 6997
     57 7012
     40 7028
     47 7044
     43 7059
     54 7075
     39 7091
     42 7106
     34 7122
     43 7138
     51 7153
     33 7169
     46 7185
     35 7200
     53 7216
     42 7232
     47 7247
     44 7263
     38 7279
     47 7294
     42 7310
     32 7326
     37 7341
     49 7357
     53 7373
     52 7388
     37 7404
     53 7420
     36 7435
     57 7451
     41 7467
     57 7482
     47 7498
     48 7513
     57 7529
     40 7545
     45 7560
     42 7576
     52 7592
     43 7607
     46 7623
     36 7639
     61 7654
     49 7670
     56 7686
     32 7701
     43 7717
     54 7733
     33 7748
     46 7764
     50 7780
     57 7795
     44 7811
     39 7827
     48 7842
     54 7858
     38 7874
     35 7889
     42 7905
     49 7921
     35 7936
     54 7952
     60 7968
     58 7983
     47 7999
     35 8015
     59 8030
     64 8046
     50 8061
     46 8077
     42 8093
     48 8108
     41 8124
     45 8140
     33 8155
     35 8171
     47 8187
     34 8202
     41 8218
     49 8234
     51 8249
     41 8265
     46 8281
     40 8296
     42 8312
     45 8328
     33 8343
     41 8359
     42 8375
     39 8390
     57 8406
     39 8422
     43 8437
     55 8453
     47 8469
     52 8484
     44 8500
     37 8516
     50 8531
     45 8547
     31 8563
     44 8578
     44 8594
     40 8609
     43 8625
     52 8641
     53 8656
     46 8672
     47 8688
     40 8703
     45 8719
     44 8735
     47 8750
     41 8766
     54 8782
     52 8797
     42 8813
     38 8829
     67 8844
     44 8860
     30 8876
     51 8891
     46 8907
     32 8923
     40 8938
     54 8954
     51 8970
     41 8985
     57 9001
     51 9017
     53 9032
     38 9048
     48 9064
     47 9079
     47 9095
     50 9111
     49 9126
     49 9142
     47 9157
     45 9173
     52 9189
     43 9204
     37 9220
     57 9236
     57 9251
     31 9267
     46 9283
     45 9298
     49 9314
     48 9330
     53 9345
     48 9361
     42 9377
     60 9392
     45 9408
     44 9424
     51 9439
     53 9455
     43 9471
     45 9486
     49 9502
     48 9518
     46 9533
     51 9549
     61 9565
     43 9580
     56 9596
     44 9612
     61 9627
     48 9643
     42 9659
     40 9674
     54 9690
     68 9706
     52 9721
     36 9737
     48 9752
     50 9768
     54 9784
     46 9799
     57 9815
     45 9831
     48 9846
     54 9862
     44 9878
     66 9893
     44 9909
     53 9925
     43 9940
     60 9956
     50 9972
     52 9987
